0.000010    0.001331
0.000020    0.002663
0.000030    0.003994
0.000040    0.005326
0.000050    0.006657
0.000060    0.007989
0.000070    0.009320
0.000080    0.010651
0.000090    0.011983
0.000100    0.013314
0.000110    0.014646
0.000120    0.015977
0.000130    0.017309
0.000140    0.018640
0.000150    0.019972
0.000160    0.021303
0.000170    0.022634
0.000180    0.023966
0.000190    0.025297
0.000200    0.026629
0.000210    0.027960
0.000220    0.029292
0.000230    0.030623
0.000240    0.031954
0.000250    0.033286
0.000260    0.034617
0.000270    0.035949
0.000280    0.037280
0.000290    0.038612
0.000300    0.039943
0.000310    0.041275
0.000320    0.042606
0.000330    0.043937
0.000340    0.045269
0.000350    0.046600
0.000360    0.047932
0.000370    0.049263
0.000380    0.050595
0.000390    0.051926
0.000400    0.053257
0.000410    0.054589
0.000420    0.055920
0.000430    0.057252
0.000440    0.058583
0.000450    0.059915
0.000460    0.061246
0.000470    0.062577
0.000480    0.063909
0.000490    0.065240
0.000500    0.066572
0.000510    0.067903
0.000520    0.069235
0.000530    0.070566
0.000540    0.071898
0.000550    0.073229
0.000560    0.074560
0.000570    0.075892
0.000580    0.077223
0.000590    0.078555
0.000600    0.079886
0.000610    0.081218
0.000620    0.082549
0.000630    0.083880
0.000640    0.085212
0.000650    0.086543
0.000660    0.087875
0.000670    0.089206
0.000680    0.090538
0.000690    0.091869
0.000700    0.093201
0.000710    0.094532
0.000720    0.095863
0.000730    0.097195
0.000740    0.098526
0.000750    0.099858
0.000760    0.101189
0.000770    0.102485
0.000780    0.103816
0.000790    0.105147
0.000800    0.106478
0.000810    0.107809
0.000820    0.109140
0.000830    0.110471
0.000840    0.111802
0.000850    0.113133
0.000860    0.114464
0.000870    0.115795
0.000880    0.117126
0.000890    0.118457
0.000900    0.119788
0.000910    0.121119
0.000920    0.122450
0.000930    0.123781
0.000940    0.125112
0.000950    0.126443
0.000960    0.127774
0.000970    0.129105
0.000980    0.130436
0.000990    0.131767
0.001000    0.133098
0.001010    0.134429
0.001020    0.135760
0.001030    0.137091
0.001040    0.138422
0.001050    0.139753
0.001060    0.141040
0.001070    0.142370
0.001080    0.143701
0.001090    0.145032
0.001100    0.146362
0.001110    0.147693
0.001120    0.149023
0.001130    0.150354
0.001140    0.151684
0.001150    0.153015
0.001160    0.154345
0.001170    0.155676
0.001180    0.157007
0.001190    0.158337
0.001200    0.159668
0.001210    0.160998
0.001220    0.162294
0.001230    0.163624
0.001240    0.164954
0.001250    0.166284
0.001260    0.167615
0.001270    0.168945
0.001280    0.170275
0.001290    0.171605
0.001300    0.172914
0.001310    0.174244
0.001320    0.175574
0.001330    0.176904
0.001340    0.178234
0.001350    0.179564
0.001360    0.180895
0.001370    0.182225
0.001380    0.183555
0.001390    0.184885
0.001400    0.186178
0.001410    0.187508
0.001420    0.188838
0.001430    0.190168
0.001440    0.191498
0.001450    0.192827
0.001460    0.194157
0.001470    0.195487
0.001480    0.196817
0.001490    0.198147
0.001500    0.199477
0.001510    0.200806
0.001520    0.202136
0.001530    0.203466
0.001540    0.204796
0.001550    0.206126
0.001560    0.207456
0.001570    0.208786
0.001580    0.210115
0.001590    0.211372
0.001600    0.212701
0.001610    0.214030
0.001620    0.215344
0.001630    0.216674
0.001640    0.218003
0.001650    0.219332
0.001660    0.220635
0.001670    0.221964
0.001680    0.223293
0.001690    0.224622
0.001700    0.225951
0.001710    0.227280
0.001720    0.228610
0.001730    0.229939
0.001740    0.231268
0.001750    0.232528
0.001760    0.233857
0.001770    0.235186
0.001780    0.236514
0.001790    0.237843
0.001800    0.239172
0.001810    0.240500
0.001820    0.241829
0.001830    0.243158
0.001840    0.244487
0.001850    0.245815
0.001860    0.247144
0.001870    0.248473
0.001880    0.249802
0.001890    0.251033
0.001900    0.252361
0.001910    0.253689
0.001920    0.255017
0.001930    0.256345
0.001940    0.257674
0.001950    0.259002
0.001960    0.260330
0.001970    0.261658
0.001980    0.262987
0.001990    0.264315
0.002000    0.265643
0.002010    0.266971
0.002020    0.268193
0.002030    0.269521
0.002040    0.270849
0.002050    0.272176
0.002060    0.273504
0.002070    0.274832
0.002080    0.276160
0.002090    0.277487
0.002100    0.278815
0.002110    0.280059
0.002120    0.281386
0.002130    0.282714
0.002140    0.284041
0.002150    0.285322
0.002160    0.286649
0.002170    0.287976
0.002180    0.289303
0.002190    0.290565
0.002200    0.291892
0.002210    0.293218
0.002220    0.294545
0.002230    0.295872
0.002240    0.297199
0.002250    0.298526
0.002260    0.299852
0.002270    0.301179
0.002280    0.302506
0.002290    0.303833
0.002300    0.305159
0.002310    0.306346
0.002320    0.307672
0.002330    0.308999
0.002340    0.310325
0.002350    0.311651
0.002360    0.312977
0.002370    0.314303
0.002380    0.315629
0.002390    0.316956
0.002400    0.318282
0.002410    0.319608
0.002420    0.320786
0.002430    0.322111
0.002440    0.323437
0.002450    0.324763
0.002460    0.326088
0.002470    0.327414
0.002480    0.328739
0.002490    0.330065
0.002500    0.331390
0.002510    0.332716
0.002520    0.333894
0.002530    0.335218
0.002540    0.336543
0.002550    0.337868
0.002560    0.339193
0.002570    0.340518
0.002580    0.341843
0.002590    0.343168
0.002600    0.344493
0.002610    0.345818
0.002620    0.346984
0.002630    0.348309
0.002640    0.349633
0.002650    0.350957
0.002660    0.352282
0.002670    0.353606
0.002680    0.354931
0.002690    0.356255
0.002700    0.357579
0.002710    0.358748
0.002720    0.360072
0.002730    0.361396
0.002740    0.362720
0.002750    0.364043
0.002760    0.365367
0.002770    0.366691
0.002780    0.367884
0.002790    0.369207
0.002800    0.370530
0.002810    0.371854
0.002820    0.373177
0.002830    0.374397
0.002840    0.375720
0.002850    0.377043
0.002860    0.378293
0.002870    0.379545
0.002880    0.380867
0.002890    0.382190
0.002900    0.383512
0.002910    0.384835
0.002920    0.386157
0.002930    0.387480
0.002940    0.388802
0.002950    0.390124
0.002960    0.391238
0.002970    0.392560
0.002980    0.393881
0.002990    0.395203
0.003000    0.396525
0.003010    0.397847
0.003020    0.399168
0.003030    0.400293
0.003040    0.401614
0.003050    0.402935
0.003060    0.404256
0.003070    0.405577
0.003080    0.406898
0.003090    0.408219
0.003100    0.409336
0.003110    0.410657
0.003120    0.411977
0.003130    0.413298
0.003140    0.414618
0.003150    0.415939
0.003160    0.417259
0.003170    0.418366
0.003180    0.419686
0.003190    0.421006
0.003200    0.422325
0.003210    0.423645
0.003220    0.424793
0.003230    0.426045
0.003240    0.427364
0.003250    0.428683
0.003260    0.429878
0.003270    0.431197
0.003280    0.432516
0.003290    0.433834
0.003300    0.434998
0.003310    0.436317
0.003320    0.437518
0.003330    0.438836
0.003340    0.440154
0.003350    0.441472
0.003360    0.442603
0.003370    0.443920
0.003380    0.445237
0.003390    0.446554
0.003400    0.447872
0.003410    0.449189
0.003420    0.450249
0.003430    0.451566
0.003440    0.452882
0.003450    0.454199
0.003460    0.455515
0.003470    0.456832
0.003480    0.457865
0.003490    0.459180
0.003500    0.460496
0.003510    0.461812
0.003520    0.463127
0.003530    0.464181
0.003540    0.465496
0.003550    0.466811
0.003560    0.468126
0.003570    0.469441
0.003580    0.470492
0.003590    0.471807
0.003600    0.473121
0.003610    0.474435
0.003620    0.475749
0.003630    0.476794
0.003640    0.478108
0.003650    0.479421
0.003660    0.480735
0.003670    0.482048
0.003680    0.483084
0.003690    0.484397
0.003700    0.485710
0.003710    0.487023
0.003720    0.488335
0.003730    0.489362
0.003740    0.490674
0.003750    0.491986
0.003760    0.493298
0.003770    0.494356
0.003780    0.495668
0.003790    0.496979
0.003800    0.498290
0.003810    0.499601
0.003820    0.500623
0.003830    0.501933
0.003840    0.503244
0.003850    0.504554
0.003860    0.505600
0.003870    0.506910
0.003880    0.508046
0.003890    0.509244
0.003900    0.510553
0.003910    0.511862
0.003920    0.513171
0.003930    0.514241
0.003940    0.515549
0.003950    0.516858
0.003960    0.518166
0.003970    0.519204
0.003980    0.520363
0.003990    0.521519
0.004000    0.522826
0.004010    0.524133
0.004020    0.525440
0.004030    0.526747
0.004040    0.527729
0.004050    0.529035
0.004060    0.530341
0.004070    0.531354
0.004080    0.532660
0.004090    0.533965
0.004100    0.535271
0.004110    0.536236
0.004120    0.537541
0.004130    0.538846
0.004140    0.539841
0.004150    0.541145
0.004160    0.542203
0.004170    0.543506
0.004180    0.544585
0.004190    0.545888
0.004200    0.547191
0.004210    0.548217
0.004220    0.549519
0.004230    0.550821
0.004240    0.551824
0.004250    0.553125
0.004260    0.554427
0.004270    0.555419
0.004280    0.556720
0.004290    0.558021
0.004300    0.559003
0.004310    0.560303
0.004320    0.561603
0.004330    0.562576
0.004340    0.563875
0.004350    0.564900
0.004360    0.566006
0.004370    0.567141
0.004380    0.568261
0.004390    0.569558
0.004400    0.570619
0.004410    0.571729
0.004420    0.572815
0.004430    0.574111
0.004440    0.575407
0.004450    0.576337
0.004460    0.577632
0.004470    0.578576
0.004480    0.579870
0.004490    0.580816
0.004500    0.582109
0.004510    0.583054
0.004520    0.584071
0.004530    0.585124
0.004540    0.586416
0.004550    0.587393
0.004560    0.588684
0.004570    0.589975
0.004580    0.590840
0.004590    0.592130
0.004600    0.593013
0.004610    0.594302
0.004620    0.595188
0.004630    0.596476
0.004640    0.597361
0.004650    0.598648
0.004660    0.599529
0.004670    0.600816
0.004680    0.601692
0.004690    0.602643
0.004700    0.603635
0.004710    0.604582
0.004720    0.605866
0.004730    0.606718
0.004740    0.607609
0.004750    0.608890
0.004760    0.609713
0.004770    0.610576
0.004780    0.611465
0.004790    0.612330
0.004800    0.613173
0.004810    0.614023
0.004820    0.614866
0.004830    0.615698
0.004840    0.616538
0.004850    0.617375
0.004860    0.618208
0.004870    0.619036
0.004880    0.619850
0.004890    0.620632
0.004900    0.621410
0.004910    0.622192
0.004920    0.622967
0.004930    0.623736
0.004940    0.624490
0.004950    0.625219
0.004960    0.625930
0.004970    0.626616
0.004980    0.627237
0.004990    0.627829
0.005000    0.628392
0.005010    0.628929
0.005011    0.628310
0.005012    0.627757
0.005013    0.627242
0.005014    0.626780
0.005015    0.626356
0.005016    0.625958
0.005017    0.625577
0.005018    0.625159
0.005019    0.624734
0.005020    0.624291
0.005021    0.623839
0.005022    0.623365
0.005023    0.622867
0.005024    0.622326
0.005025    0.621701
0.005026    0.621060
0.005027    0.620383
0.005028    0.619663
0.005029    0.618882
0.005030    0.618077
0.005031    0.617244
0.005032    0.616360
0.005033    0.615464
0.005034    0.614514
0.005035    0.613506
0.005036    0.612478
0.005037    0.611370
0.005038    0.610228
0.005039    0.609069
0.005040    0.607894
0.005041    0.606698
0.005042    0.605446
0.005043    0.604196
0.005044    0.602946
0.005045    0.601676
0.005046    0.600408
0.005047    0.599127
0.005048    0.597769
0.005049    0.596397
0.005050    0.595009
0.005051    0.593608
0.005052    0.592149
0.005053    0.590685
0.005054    0.589223
0.005055    0.587765
0.005056    0.586265
0.005057    0.584778
0.005058    0.583274
0.005059    0.581773
0.005060    0.580258
0.005061    0.578711
0.005062    0.577131
0.005063    0.575501
0.005064    0.573868
0.005065    0.572237
0.005066    0.570622
0.005067    0.568980
0.005068    0.567332
0.005069    0.565685
0.005070    0.564030
0.005071    0.562314
0.005072    0.560594
0.005073    0.558869
0.005074    0.557086
0.005075    0.555308
0.005076    0.553537
0.005077    0.551716
0.005078    0.549923
0.005079    0.548099
0.005080    0.546301
0.005081    0.544470
0.005082    0.542608
0.005083    0.540743
0.005084    0.538820
0.005085    0.536905
0.005086    0.535004
0.005087    0.533055
0.005088    0.531143
0.005089    0.529187
0.005090    0.527241
0.005091    0.525259
0.005092    0.523265
0.005093    0.521228
0.005094    0.519189
0.005095    0.517157
0.005096    0.515072
0.005097    0.513024
0.005098    0.510942
0.005099    0.508900
0.005100    0.506764
0.005101    0.504650
0.005102    0.502486
0.005103    0.500326
0.005104    0.498181
0.005105    0.495985
0.005106    0.493820
0.005107    0.491622
0.005108    0.489465
0.005109    0.487206
0.005110    0.484983
0.005111    0.482693
0.005112    0.480430
0.005113    0.478117
0.005114    0.475844
0.005115    0.473538
0.005116    0.471277
0.005117    0.468910
0.005118    0.466579
0.005119    0.464186
0.005120    0.461819
0.005121    0.459427
0.005122    0.457055
0.005123    0.454637
0.005124    0.452245
0.005125    0.449795
0.005126    0.447370
0.005127    0.444887
0.005128    0.442433
0.005129    0.439923
0.005130    0.437472
0.005131    0.434963
0.005132    0.432496
0.005133    0.429952
0.005134    0.427390
0.005135    0.424841
0.005136    0.422295
0.005137    0.419706
0.005138    0.417111
0.005139    0.414545
0.005140    0.411927
0.005141    0.409337
0.005142    0.406689
0.005143    0.404081
0.005144    0.401412
0.005145    0.398772
0.005146    0.396122
0.005147    0.393449
0.005148    0.390785
0.005149    0.388064
0.005150    0.385386
0.005151    0.382648
0.005152    0.379956
0.005153    0.377241
0.005154    0.374498
0.005155    0.371775
0.005156    0.368995
0.005157    0.366260
0.005158    0.363466
0.005159    0.360720
0.005160    0.357917
0.005161    0.355137
0.005162    0.352362
0.005163    0.349533
0.005164    0.346753
0.005165    0.343909
0.005166    0.341095
0.005167    0.338282
0.005168    0.335441
0.005169    0.332628
0.005170    0.329760
0.005171    0.326916
0.005172    0.324070
0.005173    0.321177
0.005174    0.318340
0.005175    0.315448
0.005176    0.312579
0.005177    0.309718
0.005178    0.306788
0.005179    0.303922
0.005180    0.300983
0.005181    0.298126
0.005182    0.295193
0.005183    0.292249
0.005184    0.289340
0.005185    0.286370
0.005186    0.283423
0.005187    0.280474
0.005188    0.277524
0.005189    0.274584
0.005190    0.271585
0.005191    0.268588
0.005192    0.265575
0.005193    0.262522
0.005194    0.259543
0.005195    0.256495
0.005196    0.253430
0.005197    0.250393
0.005198    0.247277
0.005199    0.244161
0.005200    0.241052
0.005201    0.237914
0.005202    0.234768
0.005203    0.231577
0.005204    0.228328
0.005205    0.225093
0.005206    0.221771
0.005207    0.218471
0.005208    0.215172
0.005209    0.211778
0.005210    0.208301
0.005211    0.204777
0.005212    0.201233
0.005213    0.197645
0.005214    0.193957
0.005215    0.190227
0.005216    0.186356
0.005217    0.182337
0.005218    0.178353
0.005219    0.174207
0.005220    0.169884
0.005221    0.165356
0.005222    0.160621
0.005223    0.155759
0.005224    0.150704
0.005225    0.145254
0.005226    0.139079
0.005227    0.130801
0.005228    0.009449
0.005229    0.004059
0.005230    0.004067
0.005231    0.004236
0.005232    0.004237
0.005233    0.004237
0.005234    0.004238
0.005235    0.004239
0.005236    0.004240
0.005237    0.004241
0.005238    0.004241
0.005239    0.004242
0.005240    0.004243
0.005241    0.004244
0.005242    0.004245
0.005243    0.004245
0.005244    0.004246
0.005245    0.004214
0.005246    0.004215
0.005247    0.004216
0.005248    0.004217
0.005249    0.004217
0.005250    0.004218
0.005251    0.004219
0.005252    0.004220
0.005253    0.004221
0.005254    0.004221
0.005255    0.004222
0.005256    0.004223
0.005257    0.004188
0.005258    0.004188
0.005259    0.004189
0.005260    0.004190
0.005261    0.004191
0.005262    0.004192
0.005263    0.004192
0.005264    0.004193
0.005265    0.004194
0.005266    0.004195
0.005267    0.004196
0.005268    0.004196
0.005269    0.004161
0.005270    0.004162
0.005271    0.004162
0.005272    0.004163
0.005273    0.004164
0.005274    0.004165
0.005275    0.004166
0.005276    0.004166
0.005277    0.004167
0.005278    0.004168
0.005279    0.004169
0.005280    0.004170
0.005281    0.004134
0.005282    0.004135
0.005283    0.004136
0.005284    0.004137
0.005285    0.004138
0.005286    0.004138
0.005287    0.004139
0.005288    0.004140
0.005289    0.004141
0.005290    0.004142
0.005291    0.004142
0.005292    0.004143
0.005293    0.004108
0.005294    0.004109
0.005295    0.004110
0.005296    0.004111
0.005297    0.004111
0.005298    0.004112
0.005299    0.004113
0.005300    0.004114
0.005301    0.004114
0.005302    0.004115
0.005303    0.004116
0.005304    0.004117
0.005305    0.004082
0.005306    0.004083
0.005307    0.004084
0.005308    0.004085
0.005309    0.004085
0.005310    0.004086
0.005311    0.004087
0.005312    0.004088
0.005313    0.004088
0.005314    0.004089
0.005315    0.004090
0.005316    0.004091
0.005317    0.004057
0.005318    0.004057
0.005319    0.004058
0.005320    0.004059
0.005321    0.004060
0.005322    0.004060
0.005323    0.004061
0.005324    0.004062
0.005325    0.004063
0.005326    0.004063
0.005327    0.004064
0.005328    0.004065
0.005329    0.004031
0.005330    0.004032
0.005331    0.004033
0.005332    0.004033
0.005333    0.004034
0.005334    0.004035
0.005335    0.004036
0.005336    0.004036
0.005337    0.004037
0.005338    0.004038
0.005339    0.004039
0.005340    0.004039
0.005341    0.004006
0.005342    0.004007
0.005343    0.004007
0.005344    0.004008
0.005345    0.004009
0.005346    0.004010
0.005347    0.004010
0.005348    0.004011
0.005349    0.004012
0.005350    0.004013
0.005351    0.004013
0.005352    0.004014
0.005353    0.003981
0.005354    0.003982
0.005355    0.003982
0.005356    0.003983
0.005357    0.003984
0.005358    0.003985
0.005359    0.003985
0.005360    0.003986
0.005361    0.003987
0.005362    0.003988
0.005363    0.003988
0.005364    0.003989
0.005365    0.003956
0.005366    0.003957
0.005367    0.003958
0.005368    0.003958
0.005369    0.003959
0.005370    0.003960
0.005371    0.003960
0.005372    0.003961
0.005373    0.003962
0.005374    0.003963
0.005375    0.003963
0.005376    0.003964
0.005377    0.003931
0.005378    0.003932
0.005379    0.003933
0.005380    0.003934
0.005381    0.003934
0.005382    0.003935
0.005383    0.003936
0.005384    0.003937
0.005385    0.003937
0.005386    0.003938
0.005387    0.003939
0.005388    0.003939
0.005389    0.003907
0.005390    0.003908
0.005391    0.003909
0.005392    0.003909
0.005393    0.003910
0.005394    0.003911
0.005395    0.003911
0.005396    0.003912
0.005397    0.003913
0.005398    0.003914
0.005399    0.003914
0.005400    0.003915
0.005401    0.003883
0.005402    0.003884
0.005403    0.003884
0.005404    0.003885
0.005405    0.003886
0.005406    0.003887
0.005407    0.003887
0.005408    0.003888
0.005409    0.003889
0.005410    0.003889
0.005411    0.003890
0.005412    0.003891
0.005413    0.003859
0.005414    0.003860
0.005415    0.003860
0.005416    0.003861
0.005417    0.003862
0.005418    0.003863
0.005419    0.003863
0.005420    0.003864
0.005421    0.003865
0.005422    0.003865
0.005423    0.003866
0.005424    0.003867
0.005425    0.003835
0.005426    0.003836
0.005427    0.003837
0.005428    0.003837
0.005429    0.003838
0.005430    0.003839
0.005431    0.003840
0.005432    0.003840
0.005433    0.003841
0.005434    0.003842
0.005435    0.003842
0.005436    0.003843
0.005437    0.003812
0.005438    0.003812
0.005439    0.003813
0.005440    0.003814
0.005441    0.003815
0.005442    0.003815
0.005443    0.003816
0.005444    0.003817
0.005445    0.003817
0.005446    0.003818
0.005447    0.003819
0.005448    0.003820
0.005449    0.003788
0.005450    0.003789
0.005451    0.003790
0.005452    0.003791
0.005453    0.003791
0.005454    0.003792
0.005455    0.003793
0.005456    0.003793
0.005457    0.003794
0.005458    0.003795
0.005459    0.003795
0.005460    0.003796
0.005461    0.003765
0.005462    0.003766
0.005463    0.003767
0.005464    0.003767
0.005465    0.003768
0.005466    0.003769
0.005467    0.003770
0.005468    0.003770
0.005469    0.003771
0.005470    0.003772
0.005471    0.003772
0.005472    0.003773
0.005473    0.003743
0.005474    0.003743
0.005475    0.003744
0.005476    0.003745
0.005477    0.003745
0.005478    0.003746
0.005479    0.003747
0.005480    0.003747
0.005481    0.003748
0.005482    0.003749
0.005483    0.003749
0.005484    0.003750
0.005485    0.003720
0.005486    0.003720
0.005487    0.003721
0.005488    0.003722
0.005489    0.003723
0.005490    0.003723
0.005491    0.003724
0.005492    0.003725
0.005493    0.003725
0.005494    0.003726
0.005495    0.003727
0.005496    0.003727
0.005497    0.003697
0.005498    0.003698
0.005499    0.003699
0.005500    0.003699
0.005501    0.003700
0.005502    0.003701
0.005503    0.003701
0.005504    0.003702
0.005505    0.003703
0.005506    0.003703
0.005507    0.003704
0.005508    0.003705
0.005509    0.003675
0.005510    0.003676
0.005511    0.003676
0.005512    0.003677
0.005513    0.003678
0.005514    0.003678
0.005515    0.003679
0.005516    0.003680
0.005517    0.003680
0.005518    0.003681
0.005519    0.003682
0.005520    0.003682
0.005521    0.003653
0.005522    0.003654
0.005523    0.003654
0.005524    0.003655
0.005525    0.003656
0.005526    0.003656
0.005527    0.003657
0.005528    0.003658
0.005529    0.003658
0.005530    0.003659
0.005531    0.003660
0.005532    0.003660
0.005533    0.003631
0.005534    0.003632
0.005535    0.003632
0.005536    0.003633
0.005537    0.003634
0.005538    0.003634
0.005539    0.003635
0.005540    0.003636
0.005541    0.003636
0.005542    0.003637
0.005543    0.003638
0.005544    0.003638
0.005545    0.003639
0.005546    0.003608
0.005547    0.003608
0.005548    0.003609
0.005549    0.003610
0.005550    0.003610
0.005551    0.003611
0.005552    0.003611
0.005553    0.003612
0.005554    0.003613
0.005555    0.003613
0.005556    0.003614
0.005557    0.003615
0.005558    0.003615
0.005559    0.003584
0.005560    0.003585
0.005561    0.003586
0.005562    0.003586
0.005563    0.003587
0.005564    0.003587
0.005565    0.003588
0.005566    0.003589
0.005567    0.003589
0.005568    0.003590
0.005569    0.003591
0.005570    0.003591
0.005571    0.003592
0.005572    0.003561
0.005573    0.003562
0.005574    0.003562
0.005575    0.003563
0.005576    0.003564
0.005577    0.003564
0.005578    0.003565
0.005579    0.003566
0.005580    0.003566
0.005581    0.003567
0.005582    0.003568
0.005583    0.003568
0.005584    0.003569
0.005585    0.003538
0.005586    0.003539
0.005587    0.003540
0.005588    0.003540
0.005589    0.003541
0.005590    0.003541
0.005591    0.003542
0.005592    0.003543
0.005593    0.003543
0.005594    0.003544
0.005595    0.003545
0.005596    0.003545
0.005597    0.003546
0.005598    0.003516
0.005599    0.003516
0.005600    0.003517
