0.00001000  .00122405537  
0.00002000  .00244811075  
0.00003000  .00367216612  
0.00004000  .00489622150  
0.00005000  .00612027687  
0.00006000  .00734433225  
0.00007000  .00856838762  
0.00008000  .00979244300  
0.00009000  .01101649837  
0.00010000  .01224055375  
0.00011000  .01346460912  
0.00012000  .01468866449  
0.00013000  .01591271987  
0.00014000  .01713677524  
0.00015000  .01836083062  
0.00016000  .01958488599  
0.00017000  .02080894137  
0.00018000  .02203299674  
0.00019000  .02325705212  
0.00020000  .02448110749  
0.00021000  .02570516287  
0.00022000  .02692921824  
0.00023000  .02815327361  
0.00024000  .02937732899  
0.00025000  .03060138436  
0.00026000  .03182543974  
0.00027000  .03304949511  
0.00028000  .03427355049  
0.00029000  .03549760586  
0.00030000  .03672166124  
0.00031000  .03794571661  
0.00032000  .03916977199  
0.00033000  .04039382736  
0.00034000  .04161788273  
0.00035000  .04284193811  
0.00036000  .04406599348  
0.00037000  .04529004886  
0.00038000  .04651410423  
0.00039000  .04773815961  
0.00040000  .04896221498  
0.00041000  .05018627036  
0.00042000  .05141032573  
0.00043000  .05263438110  
0.00044000  .05385843648  
0.00045000  .05508249185  
0.00046000  .05630654723  
0.00047000  .05753060260  
0.00048000  .05875465798  
0.00049000  .05997871335  
0.00050000  .06120276873  
0.00051000  .06242682410  
0.00052000  .06365087948  
0.00053000  .06487493485  
0.00054000  .06609899022  
0.00055000  .06732304560  
0.00056000  .06854710097  
0.00057000  .06977115635  
0.00058000  .07099521172  
0.00059000  .07221926710  
0.00060000  .07344332247  
0.00061000  .07466737785  
0.00062000  .07589143322  
0.00063000  .07711548860  
0.00064000  .07833954397  
0.00065000  .07956359934  
0.00066000  .08078765472  
0.00067000  .08201171009  
0.00068000  .08323576547  
0.00069000  .08445982084  
0.00070000  .08568387622  
0.00071000  .08690793159  
0.00072000  .08813198697  
0.00073000  .08935604234  
0.00074000  .09058009772  
0.00075000  .09180415309  
0.00076000  .09302820846  
0.00077000  .09425226384  
0.00078000  .09547631921  
0.00079000  .09670037459  
0.00080000  .09792442996  
0.00081000  .09914848534  
0.00082000  .10037254071  
0.00083000  .10159659609  
0.00084000  .10282065146  
0.00085000  .10404470684  
0.00086000  .10526876221  
0.00087000  .10649281758  
0.00088000  .10771687296  
0.00089000  .10894092833  
0.00090000  .11016498371  
0.00091000  .11138903908  
0.00092000  .11261309446  
0.00093000  .11383714983  
0.00094000  .11506120521  
0.00095000  .11628526058  
0.00096000  .11750931596  
0.00097000  .11873337133  
0.00098000  .11995742670  
0.00099000  .12118148208  
0.00100000  .12240553745  
0.00101000  .12362959283  
0.00102000  .12485364820  
0.00103000  .12607770358  
0.00104000  .12730175895  
0.00105000  .12852581433  
0.00106000  .12974986970  
0.00107000  .13097392508  
0.00108000  .13219798045  
0.00109000  .13342203582  
0.00110000  .13464609120  
0.00111000  .13587014657  
0.00112000  .13709420195  
0.00113000  .13831825732  
0.00114000  .13954231270  
0.00115000  .14076636807  
0.00116000  .14199042345  
0.00117000  .14321447882  
0.00118000  .14443853419  
0.00119000  .14566258957  
0.00120000  .14688664494  
0.00121000  .14811070032  
0.00122000  .14933475569  
0.00123000  .15055881107  
0.00124000  .15178281238  
0.00125000  .15300666675  
0.00126000  .15423051004  
0.00127000  .15545434906  
0.00128000  .15667818380  
0.00129000  .15790201426  
0.00130000  .15912584043  
0.00131000  .16034966229  
0.00132000  .16157347983  
0.00133000  .16279729306  
0.00134000  .16402110195  
0.00135000  .16524489496  
0.00136000  .16646869492  
0.00137000  .16769249052  
0.00138000  .16891628177  
0.00139000  .17014006863  
0.00140000  .17136385112  
0.00141000  .17258762923  
0.00142000  .17381136516  
0.00143000  .17503496216  
0.00144000  .17625852811  
0.00145000  .17748208635  
0.00146000  .17870556870  
0.00147000  .17992890564  
0.00148000  .18115223706  
0.00149000  .18237550399  
0.00150000  .18359873066  
0.00151000  .18482192513  
0.00152000  .18604505160  
0.00153000  .18726816634  
0.00154000  .18849126840  
0.00155000  .18971435779  
0.00156000  .19093737148  
0.00157000  .19216017952  
0.00158000  .19338297373  
0.00159000  .19460575213  
0.00160000  .19582851473  
0.00161000  .19705126153  
0.00162000  .19827399257  
0.00163000  .19949670785  
0.00164000  .20071940740  
0.00165000  .20194192048  
0.00166000  .20316443543  
0.00167000  .20438693307  
0.00168000  .20560941344  
0.00169000  .20683187655  
0.00170000  .20805432245  
0.00171000  .20927675116  
0.00172000  .21049916270  
0.00173000  .21172155710  
0.00174000  .21294378581  
0.00175000  .21416586257  
0.00176000  .21538790862  
0.00177000  .21660990774  
0.00178000  .21783180746  
0.00179000  .21905368643  
0.00180000  .22027554487  
0.00181000  .22149738283  
0.00182000  .22271916261  
0.00183000  .22394083148  
0.00184000  .22516247885  
0.00185000  .22638410480  
0.00186000  .22760570937  
0.00187000  .22882729263  
0.00188000  .23004885462  
0.00189000  .23127032484  
0.00190000  .23249171928  
0.00191000  .23371309332  
0.00192000  .23493432438  
0.00193000  .23615546734  
0.00194000  .23737626248  
0.00195000  .23859678338  
0.00196000  .23981720121  
0.00197000  .24103691169  
0.00198000  .24225649077  
0.00199000  .24347603681  
0.00200000  .24469555008  
0.00201000  .24591503069  
0.00202000  .24713443096  
0.00203000  .24835357610  
0.00204000  .24957263691  
0.00205000  .25079166414  
0.00206000  .25201065783  
0.00207000  .25322961810  
0.00208000  .25444854507  
0.00209000  .25566743884  
0.00210000  .25688629955  
0.00211000  .25810512730  
0.00212000  .25932390310  
0.00213000  .26054245845  
0.00214000  .26176097858  
0.00215000  .26297946507  
0.00216000  .26419791806  
0.00217000  .26541633766  
0.00218000  .26663472399  
0.00219000  .26785307716  
0.00220000  .26907127687  
0.00221000  .27028937734  
0.00222000  .27150720030  
0.00223000  .27272456165  
0.00224000  .27394187838  
0.00225000  .27515907129  
0.00226000  .27637586592  
0.00227000  .27759258347  
0.00228000  .27880926128  
0.00229000  .28002531299  
0.00230000  .28124113933  
0.00231000  .28245692048  
0.00232000  .28367265827  
0.00233000  .28488828716  
0.00234000  .28610371058  
0.00235000  .28731897823  
0.00236000  .28853420304  
0.00237000  .28974925763  
0.00238000  .29096425539  
0.00239000  .29217921054  
0.00240000  .29339412329  
0.00241000  .29460896700  
0.00242000  .29582365880  
0.00243000  .29703821494  
0.00244000  .29825239880  
0.00245000  .29946651142  
0.00246000  .30068043873  
0.00247000  .30189413129  
0.00248000  .30310759733  
0.00249000  .30432099350  
0.00250000  .30553434281  
0.00251000  .30674700401  
0.00252000  .30795938054  
0.00253000  .30917151771  
0.00254000  .31038324447  
0.00255000  .31159466191  
0.00256000  .31280596471  
0.00257000  .31401691354  
0.00258000  .31522761852  
0.00259000  .31643845073  
0.00260000  .31764885724  
0.00261000  .31885891570  
0.00262000  .32006891560  
0.00263000  .32127886538  
0.00264000  .32248876530  
0.00265000  .32369847618  
0.00266000  .32490792303  
0.00267000  .32611704774  
0.00268000  .32732609201  
0.00269000  .32853492270  
0.00270000  .32974370087  
0.00271000  .33095230117  
0.00272000  .33216046852  
0.00273000  .33336857536  
0.00274000  .33457658058  
0.00275000  .33578442672  
0.00276000  .33699200601  
0.00277000  .33819918672  
0.00278000  .33940627605  
0.00279000  .34061331073  
0.00280000  .34182029101  
0.00281000  .34302721713  
0.00282000  .34423383005  
0.00283000  .34544015589  
0.00284000  .34664580048  
0.00285000  .34785070395  
0.00286000  .34905522387  
0.00287000  .35025965690  
0.00288000  .35146388826  
0.00289000  .35266794467  
0.00290000  .35387178380  
0.00291000  .35507525685  
0.00292000  .35627853247  
0.00293000  .35748136058  
0.00294000  .35868404960  
0.00295000  .35988667931  
0.00296000  .36108911577  
0.00297000  .36229119955  
0.00298000  .36349310229  
0.00299000  .36469482176  
0.00300000  .36589606084  
0.00301000  .36709677134  
0.00302000  .36829703697  
0.00303000  .36949694942  
0.00304000  .37069679581  
0.00305000  .37189657118  
0.00306000  .37309585266  
0.00307000  .37429466283  
0.00308000  .37549323283  
0.00309000  .37669173626  
0.00310000  .37789002409  
0.00311000  .37908794185  
0.00312000  .38028563137  
0.00313000  .38148286609  
0.00314000  .38267964096  
0.00315000  .38387607243  
0.00316000  .38507237536  
0.00317000  .38626834564  
0.00318000  .38746400506  
0.00319000  .38865950701  
0.00320000  .38985460902  
0.00321000  .39104913426  
0.00322000  .39224302140  
0.00323000  .39343657713  
0.00324000  .39462995121  
0.00325000  .39582325545  
0.00326000  .39701648231  
0.00327000  .39820902630  
0.00328000  .39940137952  
0.00329000  .40059366296  
0.00330000  .40178569721  
0.00331000  .40297705551  
0.00332000  .40416789716  
0.00333000  .40535847941  
0.00334000  .40654854677  
0.00335000  .40773827966  
0.00336000  .40892667878  
0.00337000  .41011460682  
0.00338000  .41130224937  
0.00339000  .41248968757  
0.00340000  .41367656839  
0.00341000  .41486319070  
0.00342000  .41604925411  
0.00343000  .41723487131  
0.00344000  .41842020740  
0.00345000  .41960476176  
0.00346000  .42078869056  
0.00347000  .42197223990  
0.00348000  .42315558249  
0.00349000  .42433842051  
0.00350000  .42552041134  
0.00351000  .42670190368  
0.00352000  .42788308039  
0.00353000  .42906369206  
0.00354000  .43024413577  
0.00355000  .43142402089  
0.00356000  .43260285285  
0.00357000  .43378162452  
0.00358000  .43496020216  
0.00359000  .43613863225  
0.00360000  .43731633681  
0.00361000  .43849347139  
0.00362000  .43967041239  
0.00363000  .44084606336  
0.00364000  .44202081846  
0.00365000  .44319505733  
0.00366000  .44436879813  
0.00367000  .44554202021  
0.00368000  .44671457187  
0.00369000  .44788676285  
0.00370000  .44905864224  
0.00371000  .45023027762  
0.00372000  .45140144178  
0.00373000  .45257185100  
0.00374000  .45374195224  
0.00375000  .45491178042  
0.00376000  .45608058760  
0.00377000  .45724871540  
0.00378000  .45841613494  
0.00379000  .45958273859  
0.00380000  .46074895430  
0.00381000  .46191408173  
0.00382000  .46307764107  
0.00383000  .46424100757  
0.00384000  .46540327511  
0.00385000  .46656457168  
0.00386000  .46772567636  
0.00387000  .46888645919  
0.00388000  .47004676443  
0.00389000  .47120622289  
0.00390000  .47236524477  
0.00391000  .47352353199  
0.00392000  .47468168902  
0.00393000  .47583932675  
0.00394000  .47699477516  
0.00395000  .47814832903  
0.00396000  .47930103288  
0.00397000  .48045343908  
0.00398000  .48160546255  
0.00399000  .48275701269  
0.00400000  .48390798055  
0.00401000  .48505902355  
0.00402000  .48620825713  
0.00403000  .48735618506  
0.00404000  .48850326015  
0.00405000  .48964890768  
0.00406000  .49079369880  
0.00407000  .49193819389  
0.00408000  .49308226742  
0.00409000  .49422529587  
0.00410000  .49536686660  
0.00411000  .49650658984  
0.00412000  .49764586374  
0.00413000  .49878454922  
0.00414000  .49992208691  
0.00415000  .50105820299  
0.00416000  .50219360234  
0.00417000  .50332828831  
0.00418000  .50446132150  
0.00419000  .50559436197  
0.00420000  .50672505198  
0.00421000  .50785504395  
0.00422000  .50898368169  
0.00423000  .51011193941  
0.00424000  .51123806674  
0.00425000  .51236283916  
0.00426000  .51348558849  
0.00427000  .51460726938  
0.00428000  .51572742484  
0.00429000  .51684634074  
0.00430000  .51796395439  
0.00431000  .51908134714  
0.00432000  .52019756732  
0.00433000  .52131240603  
0.00434000  .52242458051  
0.00435000  .52353470592  
0.00436000  .52464310263  
0.00437000  .52575076745  
0.00438000  .52685663558  
0.00439000  .52796093469  
0.00440000  .52906376193  
0.00441000  .53016405000  
0.00442000  .53126319339  
0.00443000  .53235977802  
0.00444000  .53345499322  
0.00445000  .53454840193  
0.00446000  .53564024737  
0.00447000  .53673043795  
0.00448000  .53781756056  
0.00449000  .53890184740  
0.00450000  .53998494539  
0.00451000  .54106566006  
0.00452000  .54214527464  
0.00453000  .54322252645  
0.00454000  .54429546596  
0.00455000  .54536599746  
0.00456000  .54643309922  
0.00457000  .54749679042  
0.00458000  .54855841132  
0.00459000  .54961853862  
0.00460000  .55067433256  
0.00461000  .55172812529  
0.00462000  .55277959460  
0.00463000  .55382651252  
0.00464000  .55487039421  
0.00465000  .55591039591  
0.00466000  .55694771439  
0.00467000  .55798177676  
0.00468000  .55901387853  
0.00469000  .56003723870  
0.00470000  .56105625774  
0.00471000  .56207245208  
0.00472000  .56308419037  
0.00473000  .56409391400  
0.00474000  .56509918221  
0.00475000  .56609557974  
0.00476000  .56708886018  
0.00477000  .56807606850  
0.00478000  .56905838698  
0.00479000  .57003402345  
0.00480000  .57100287792  
0.00481000  .57196429616  
0.00482000  .57291866855  
0.00483000  .57386903925  
0.00484000  .57481396230  
0.00485000  .57574178709  
0.00486000  .57666314131  
0.00487000  .57757638658  
0.00488000  .57848352546  
0.00489000  .57937501498  
0.00490000  .58025176600  
0.00491000  .58111688741  
0.00492000  .58196968808  
0.00493000  .58281098502  
0.00494000  .58362971101  
0.00495000  .58442935126  
0.00496000  .58521017470  
0.00497000  .58596732170  
0.00498000  .58670296899  
0.00499000  .58740420459  
0.00500000  .58806920693  
0.00501000  .58870050703  
0.00502000  .58927514538  
0.00503000  .58979252524  
0.00504000  .59021712708  
0.00505000  .59057116943  
0.00506000  .59074850113  
0.00507000  .59072369854  
0.00508000  .59023934349  
0.00509000  .58660746887  
0.00510000  .00619311108  
0.00511000  .00617701047  
0.00512000  .00616088791  
0.00513000  .00614488966  
0.00514000  .00612897466  
0.00515000  .00611314177  
0.00516000  .00609739029  
0.00517000  .00608172812  
0.00518000  .00606614639  
0.00519000  .00605067997  
0.00520000  .00603529809  
0.00521000  .00601999664  
0.00522000  .00600477115  
0.00523000  .00598962093  
0.00524000  .00597454473  
0.00525000  .00595954132  
0.00526000  .00594461104  
0.00527000  .00592975434  
0.00528000  .00591495699  
0.00529000  .00590027409  
0.00530000  .00588566156  
0.00531000  .00587116052  
0.00532000  .00585675383  
0.00533000  .00584241429  
0.00534000  .00582814122  
0.00535000  .00581394161  
0.00536000  .00579980595  
0.00537000  .00578575107  
0.00538000  .00577176006  
0.00539000  .00575783190  
0.00540000  .00574396477  
0.00541000  .00573015416  
0.00542000  .00571641449  
0.00543000  .00570274321  
0.00544000  .00568914358  
0.00545000  .00567560662  
0.00546000  .00566213531  
0.00547000  .00564871300  
0.00548000  .00563535583  
0.00549000  .00562204701  
0.00550000  .00560879334  
0.00551000  .00559560440  
0.00552000  .00558245981  
0.00553000  .00556936826  
0.00554000  .00555631886  
0.00555000  .00554333091  
0.00556000  .00553039410  
0.00557000  .00551750742  
0.00558000  .00550467011  
0.00559000  .00549188144  
0.00560000  .00547914413  
0.00561000  .00546645138  
0.00562000  .00545382190  
0.00563000  .00544123785  
0.00564000  .00542869777  
0.00565000  .00541620077  
0.00566000  .00540374443  
0.00567000  .00539134293  
0.00568000  .00537902988  
0.00569000  .00536675097  
0.00570000  .00535451488  
0.00571000  .00534289631  
0.00572000  .00533133474  
0.00573000  .00531980319  
0.00574000  .00530828145  
0.00575000  .00529677274  
0.00576000  .00528527116  
0.00577000  .00527377185  
0.00578000  .00526225158  
0.00579000  .00525068427  
0.00580000  .00523901845  
0.00581000  .00522712593  
0.00582000  .00519641117  
0.00583000  .00518530059  
0.00584000  .00517424714  
0.00585000  .00516323141  
0.00586000  .00515227495  
0.00587000  .00514134944  
0.00588000  .00513047229  
0.00589000  .00511965568  
0.00590000  .00510887425  
0.00591000  .00509814645  
0.00592000  .00508748128  
0.00593000  .00507684520  
0.00594000  .00506624597  
0.00595000  .00505566665  
0.00596000  .00504514052  
0.00597000  .00503465071  
0.00598000  .00502420335  
0.00599000  .00501379129  
0.00600000  .00500341186  
0.00601000  .00499306421  
0.00602000  .00498274335  
0.00603000  .00497246081  
0.00604000  .00496220190  
0.00605000  .00495197375  
0.00606000  .00494176581  
0.00607000  .00493159664  
0.00608000  .00492144672  
0.00609000  .00491132757  
0.00610000  .00490123588  
0.00611000  .00489115354  
0.00612000  .00488108461  
0.00613000  .00487102480  
0.00614000  .00486096764  
0.00615000  .00485089608  
0.00616000  .00484079838  
0.00617000  .00483065144  
0.00618000  .00482032085  
0.00619000  .00479418898  
0.00620000  .00478456563  
0.00621000  .00477495204  
0.00622000  .00476536717  
0.00623000  .00475581395  
0.00624000  .00474630458  
0.00625000  .00473685522  
0.00626000  .00472742687  
0.00627000  .00471803345  
0.00628000  .00470867036  
0.00629000  .00469933799  
0.00630000  .00469003543  
0.00631000  .00468076225  
0.00632000  .00467154051  
0.00633000  .00466232824  
0.00634000  .00465314425  
0.00635000  .00464398783  
0.00636000  .00463487190  
0.00637000  .00462578496  
0.00638000  .00461672511  
0.00639000  .00460769186  
0.00640000  .00459868483  
0.00641000  .00458970363  
0.00642000  .00458074828  
0.00643000  .00457181856  
0.00644000  .00456291424  
0.00645000  .00455403513  
0.00646000  .00454518100  
0.00647000  .00453641320  
0.00648000  .00452754818  
0.00649000  .00451882689  
0.00650000  .00451007511  
0.00651000  .00450136042  
0.00652000  .00449266924  
0.00653000  .00448400149  
0.00654000  .00447535696  
0.00655000  .00446673567  
0.00656000  .00445814620  
0.00657000  .00444958194  
0.00658000  .00444104061  
0.00659000  .00443252174  
0.00660000  .00442402519  
0.00661000  .00441555082  
0.00662000  .00440709963  
0.00663000  .00439867091  
0.00664000  .00439026990  
0.00665000  .00438189371  
0.00666000  .00437353893  
0.00667000  .00436520726  
0.00668000  .00435691100  
0.00669000  .00434863581  
0.00670000  .00434038130  
0.00671000  .00433214734  
0.00672000  .00432393381  
0.00673000  .00431574060  
0.00674000  .00430758237  
0.00675000  .00429945970  
0.00676000  .00429135687  
0.00677000  .00428327363  
0.00678000  .00427520988  
0.00679000  .00426716786  
0.00680000  .00425915228  
0.00681000  .00425115565  
0.00682000  .00424318573  
0.00683000  .00423523740  
0.00684000  .00422731134  
0.00685000  .00421940386  
0.00686000  .00421151481  
0.00687000  .00420364411  
0.00688000  .00419579454  
0.00689000  .00418796408  
0.00690000  .00418015141  
0.00691000  .00417235672  
0.00692000  .00416458337  
0.00693000  .00415682976  
0.00694000  .00414909389  
0.00695000  .00414137967  
0.00696000  .00413368561  
0.00697000  .00412600888  
0.00698000  .00411836191  
0.00699000  .00411073360  
0.00700000  .00410312255  
0.00701000  .00409552823  
0.00702000  .00408795073  
0.00703000  .00408039693  
0.00704000  .00407286216  
0.00705000  .00406534735  
0.00706000  .00405786560  
0.00707000  .00405040045  
0.00708000  .00404295141  
0.00709000  .00403552393  
0.00710000  .00402811329  
0.00711000  .00402071874  
0.00712000  .00401334000  
0.00713000  .00400597826  
0.00714000  .00399863899  
0.00715000  .00399132372  
0.00716000  .00398402919  
0.00717000  .00397675001  
0.00718000  .00396949641  
0.00719000  .00396225793  
0.00720000  .00395503464  
0.00721000  .00394782638  
0.00722000  .00394063299  
0.00723000  .00393345445  
0.00724000  .00392629000  
0.00725000  .00391914278  
0.00726000  .00391201234  
0.00727000  .00390489657  
0.00728000  .00389779535  
0.00729000  .00389070863  
0.00730000  .00388363637  
0.00731000  .00387657852  
0.00732000  .00386953503  
0.00733000  .00386250586  
0.00734000  .00385549097  
0.00735000  .00384849031  
0.00736000  .00384150383  
0.00737000  .00383453149  
0.00738000  .00382757325  
0.00739000  .00382063558  
0.00740000  .00381371800  
0.00741000  .00380682099  
0.00742000  .00379993771  
0.00743000  .00379307151  
0.00744000  .00378622802  
0.00745000  .00377939828  
0.00746000  .00377258197  
0.00747000  .00376577907  
0.00748000  .00375898952  
0.00749000  .00375221329  
0.00750000  .00374545035  
0.00751000  .00373870060  
0.00752000  .00373196392  
0.00753000  .00372526454  
0.00754000  .00371858136  
0.00755000  .00371191156  
0.00756000  .00370526065  
0.00757000  .00369862574  
0.00758000  .00369200906  
0.00759000  .00368540491  
0.00760000  .00367881323  
0.00761000  .00367223400  
0.00762000  .00366566718  
0.00763000  .00365911274  
0.00764000  .00365257066  
0.00765000  .00364604079  
0.00766000  .00363952524  
0.00767000  .00363302518  
0.00768000  .00362654511  
0.00769000  .00362007931  
0.00770000  .00361362633  
0.00771000  .00360718923  
0.00772000  .00360076402  
0.00773000  .00359435279  
0.00774000  .00358795541  
0.00775000  .00358157699  
0.00776000  .00357521402  
0.00777000  .00356886266  
0.00778000  .00356252944  
0.00779000  .00355620970  
0.00780000  .00354990795  
0.00781000  .00354362098  
0.00782000  .00353734964  
0.00783000  .00353108959  
0.00784000  .00352484074  
0.00785000  .00351860306  
0.00786000  .00351237654  
0.00787000  .00350616115  
0.00788000  .00349995688  
0.00789000  .00349376371  
0.00790000  .00348758161  
0.00791000  .00348141056  
0.00792000  .00347525056  
0.00793000  .00346910156  
0.00794000  .00346296393  
0.00795000  .00345684704  
0.00796000  .00345074187  
0.00797000  .00344464838  
0.00798000  .00343856683  
0.00799000  .00343250275  
0.00800000  .00342645536  
0.00801000  .00342041882  
0.00802000  .00341439287  
0.00803000  .00340837948  
0.00804000  .00340238668  
0.00805000  .00339640442  
0.00806000  .00339043255  
0.00807000  .00338447104  
0.00808000  .00337851989  
0.00809000  .00337257905  
0.00810000  .00336664845  
0.00811000  .00336072816  
0.00812000  .00335482131  
0.00813000  .00334892767  
0.00814000  .00334304439  
0.00815000  .00333717578  
0.00816000  .00333132136  
0.00817000  .00332548189  
0.00818000  .00331965224  
0.00819000  .00331383274  
0.00820000  .00330802321  
0.00821000  .00330222363  
0.00822000  .00329643388  
0.00823000  .00329065373  
0.00824000  .00328488379  
0.00825000  .00327912969  
0.00826000  .00327338546  
0.00827000  .00326765102  
0.00828000  .00326192632  
0.00829000  .00325621139  
0.00830000  .00325050621  
0.00831000  .00324481079  
0.00832000  .00323912509  
0.00833000  .00323344968  
0.00834000  .00322778989  
0.00835000  .00322214522  
0.00836000  .00321651021  
0.00837000  .00321088475  
0.00838000  .00320526881  
0.00839000  .00319966240  
0.00840000  .00319406549  
0.00841000  .00318847805  
0.00842000  .00318290005  
0.00843000  .00317733143  
0.00844000  .00317177229  
0.00845000  .00316622256  
0.00846000  .00316068227  
0.00847000  .00315515266  
0.00848000  .00314963243  
0.00849000  .00314412169  
0.00850000  .00313862035  
0.00851000  .00313312838  
0.00852000  .00312764578  
0.00853000  .00312217326  
0.00854000  .00311671815  
0.00855000  .00311127236  
0.00856000  .00310583589  
0.00857000  .00310041026  
0.00858000  .00309499382  
0.00859000  .00308958654  
0.00860000  .00308418841  
0.00861000  .00307879942  
0.00862000  .00307341956  
0.00863000  .00306802692  
0.00864000  .00306268636  
0.00865000  .00305733687  
0.00866000  .00305199715  
0.00867000  .00304664522  
0.00868000  .00304134626  
0.00869000  .00303603786  
0.00870000  .00303071648  
0.00871000  .00302544639  
0.00872000  .00302014344  
0.00873000  .00301489143  
0.00874000  .00300960635  
0.00875000  .00300437167  
0.00876000  .00299910301  
0.00877000  .00299388514  
0.00878000  .00298865607  
0.00879000  .00298343566  
0.00880000  .00297822526  
0.00881000  .00297302406  
0.00882000  .00296783184  
0.00883000  .00296264850  
0.00884000  .00295747401  
0.00885000  .00295230932  
0.00886000  .00294715370  
0.00887000  .00294200694  
0.00888000  .00293686898  
0.00889000  .00293173983  
0.00890000  .00292661946  
0.00891000  .00292150789  
0.00892000  .00291640509  
0.00893000  .00291131105  
0.00894000  .00290622578  
0.00895000  .00290114925  
0.00896000  .00289608146  
0.00897000  .00289102240  
0.00898000  .00288597204  
0.00899000  .00288093041  
0.00900000  .00287589748  
0.00901000  .00287087324  
0.00902000  .00286585770  
0.00903000  .00286085084  
0.00904000  .00285585265  
0.00905000  .00285086312  
0.00906000  .00284588224  
0.00907000  .00284090995  
0.00908000  .00283594625  
0.00909000  .00283099037  
0.00910000  .00282604312  
0.00911000  .00282110445  
0.00912000  .00281617437  
0.00913000  .00281125290  
0.00914000  .00280634446  
0.00915000  .00280144460  
0.00916000  .00279655327  
0.00917000  .00279167045  
0.00918000  .00278679614  
0.00919000  .00278193032  
0.00920000  .00277707300  
0.00921000  .00277222416  
0.00922000  .00276738378  
0.00923000  .00276255181  
0.00924000  .00275772830  
0.00925000  .00275291556  
0.00926000  .00274811184  
0.00927000  .00274331650  
0.00928000  .00273852955  
0.00929000  .00273375099  
0.00930000  .00272898080  
0.00931000  .00272421919  
0.00932000  .00271946647  
0.00933000  .00271472210  
0.00934000  .00270998605  
0.00935000  .00270525832  
0.00936000  .00270053890  
0.00937000  .00269582779  
0.00938000  .00269112496  
0.00939000  .00268643042  
0.00940000  .00268174416  
0.00941000  .00267706616  
0.00942000  .00267239642  
0.00943000  .00266773492  
0.00944000  .00266308166  
0.00945000  .00265843663  
0.00946000  .00265379982  
0.00947000  .00264917121  
0.00948000  .00264455081  
0.00949000  .00263993859  
0.00950000  .00263533455  
0.00951000  .00263073867  
0.00952000  .00262615096  
0.00953000  .00262157139  
0.00954000  .00261700055  
0.00955000  .00261243786  
0.00956000  .00260788328  
0.00957000  .00260333681  
0.00958000  .00259879844  
0.00959000  .00259426815  
0.00960000  .00258974603  
0.00961000  .00258523247  
0.00962000  .00258072696  
0.00963000  .00257622949  
0.00964000  .00257174003  
0.00965000  .00256725885  
0.00966000  .00256278613  
0.00967000  .00255832143  
0.00968000  .00255386461  
0.00969000  .00254941569  
0.00970000  .00254497474  
0.00971000  .00254054175  
0.00972000  .00253611670  
0.00973000  .00253169959  
0.00974000  .00252729041  
0.00975000  .00252288915  
0.00976000  .00251849796  
0.00977000  .00251411521  
0.00978000  .00250974041  
0.00979000  .00250537396  
0.00980000  .00250101537  
0.00981000  .00249666463  
0.00982000  .00249232171  
0.00983000  .00248798659  
0.00984000  .00248365927  
0.00985000  .00247933974  
0.00986000  .00247502798  
0.00987000  .00247072399  
0.00988000  .00246642776  
0.00989000  .00246213927  
0.00990000  .00245785853  
0.00991000  .00245358551  
0.00992000  .00244932020  
0.00993000  .00244506260  
0.00994000  .00244081267  
0.00995000  .00243657043  
0.00996000  .00243233586  
0.00997000  .00242810895  
0.00998000  .00242388969  
0.00999000  .00241967808  
0.01000000  .00241547409  
0.01001000  .00241127772  
